DFS:
====
Input_state: [[1, 2, 3, 4], [], []]
End_state: [[], [4], [1, 2, 3]]

Trace:
[[1, 2, 3, 4], [], []]
[[2, 3, 4], [1], []]
[[3, 4], [1], [2]]
[[1, 3, 4], [], [2]]
[[3, 4], [1], [2]]
[[3, 4], [], [1, 2]]
[[4], [3], [1, 2]]
[[3, 4], [], [1, 2]]
[[1, 4], [3], [2]]
[[4], [1, 3], [2]]
[[1, 4], [3], [2]]
[[4], [3], [1, 2]]
[[2, 4], [1, 3], []]
[[4], [1, 3], [2]]
[[1, 2, 4], [3], []]
[[2, 4], [1, 3], []]
[[2, 4], [3], [1]]
[[4], [2, 3], [1]]
[[2, 4], [3], [1]]
[[1, 4], [2, 3], []]
[[4], [1, 2, 3], []]
[[], [1, 2, 3], [4]]
[[1], [2, 3], [4]]
[[], [1, 2, 3], [4]]
[[], [2, 3], [1, 4]]
[[2], [3], [1, 4]]
[[], [2, 3], [1, 4]]
[[1, 2], [3], [4]]
[[2], [1, 3], [4]]
[[], [1, 3], [2, 4]]
[[1], [3], [2, 4]]
[[], [1, 3], [2, 4]]
[[], [3], [1, 2, 4]]
[[3], [], [1, 2, 4]]
[[], [3], [1, 2, 4]]
[[1, 3], [], [2, 4]]
[[3], [1], [2, 4]]
[[1, 3], [], [2, 4]]
[[3], [], [1, 2, 4]]
[[2, 3], [1], [4]]
[[3], [1], [2, 4]]
[[1, 2, 3], [], [4]]
[[2, 3], [1], [4]]
[[2, 3], [], [1, 4]]
[[3], [2], [1, 4]]
[[2, 3], [], [1, 4]]
[[1, 3], [2], [4]]
[[3], [1, 2], [4]]
[[], [1, 2], [3, 4]]
[[1], [2], [3, 4]]
[[], [1, 2], [3, 4]]
[[], [2], [1, 3, 4]]
[[2], [], [1, 3, 4]]
[[], [2], [1, 3, 4]]
[[1, 2], [], [3, 4]]
[[2], [1], [3, 4]]
[[], [1], [2, 3, 4]]
[[1], [], [2, 3, 4]]
[[], [1], [2, 3, 4]]
[[], [], [1, 2, 3, 4]]
[[1], [], [2, 3, 4]]
[[], [1], [2, 3, 4]]
[[1], [2], [3, 4]]
[[], [], [1, 2, 3, 4]]
[[2], [1], [3, 4]]
[[1, 2], [], [3, 4]]
[[2], [], [1, 3, 4]]
[[2], [], [1, 3, 4]]
[[1, 2], [3], [4]]
[[2], [1], [3, 4]]
[[1], [2], [3, 4]]
[[], [1, 2], [3, 4]]
[[1], [], [2, 3, 4]]
[[], [2], [1, 3, 4]]
[[3], [1, 2], [4]]
[[1, 3], [2], [4]]
[[3], [2], [1, 4]]
[[3], [2], [1, 4]]
[[1, 3], [], [2, 4]]
[[3], [1, 2], [4]]
[[1, 2, 3], [], [4]]
[[2, 3], [1], [4]]
[[1, 2, 3], [4], []]
[[2, 3], [1, 4], []]
[[3], [1, 4], [2]]
[[1, 3], [4], [2]]
[[3], [1, 4], [2]]
[[3], [4], [1, 2]]
[[], [3, 4], [1, 2]]
[[3], [4], [1, 2]]
[[1], [3, 4], [2]]
[[], [1, 3, 4], [2]]
[[1], [3, 4], [2]]
[[], [3, 4], [1, 2]]
[[2], [1, 3, 4], []]
[[], [1, 3, 4], [2]]
[[1, 2], [3, 4], []]
[[2], [1, 3, 4], []]
[[2], [3, 4], [1]]
[[], [2, 3, 4], [1]]
[[2], [3, 4], [1]]
[[1], [2, 3, 4], []]
[[], [1, 2, 3, 4], []]
[[1], [2, 3, 4], []]
[[], [2, 3, 4], [1]]
[[], [2, 3, 4], [1]]
[[1], [3, 4], [2]]
[[], [1, 2, 3, 4], []]
[[1, 2], [3, 4], []]
[[2], [1, 3, 4], []]
[[1, 2], [4], [3]]
[[2], [1, 4], [3]]
[[], [1, 4], [2, 3]]
[[1], [4], [2, 3]]
[[], [1, 4], [2, 3]]
[[], [4], [1, 2, 3]]
DFS - Solution found
No of steps taken to solved DFS:  116


BFS:
====
Input_state: [1, 2, 3, 4], [], []
End_state: [], [4], [1, 2, 3]

Trace:
[[1, 2, 3, 4], [], []]
[[2, 3, 4], [], [1]]
[[2, 3, 4], [1], []]
[[3, 4], [2], [1]]
[[3, 4], [1], [2]]
[[3, 4], [1, 2], []]
[[1, 3, 4], [2], []]
[[3, 4], [], [1, 2]]
[[1, 3, 4], [], [2]]
[[4], [1, 2], [3]]
[[4], [3], [1, 2]]
[[4], [2], [1, 3]]
[[1, 4], [2], [3]]
[[4], [1, 3], [2]]
[[1, 4], [3], [2]]
[[2, 4], [], [1, 3]]
[[1, 4], [], [2, 3]]
[[2, 4], [1, 3], []]
[[1, 4], [2, 3], []]
[[2, 4], [1], [3]]
[[1, 2, 4], [], [3]]
[[4], [], [1, 2, 3]]
[[4], [1], [2, 3]]
[[2, 4], [3], [1]]
[[1, 2, 4], [3], []]
[[4], [2, 3], [1]]
[[4], [1, 2, 3], []]
[[], [4], [1, 2, 3]]
BFS - Solution found
No of steps taken to solve BFS:  28


Best First Search:
=================
Input_state: [1, 2, 3, 4], [], []
End_state: [], [4], [1, 2, 3]

Trace:
[[1, 2, 3, 4], [], []]
[[2, 3, 4], [], [1]]
[[3, 4], [2], [1]]
[[3, 4], [1, 2], []]
[[4], [1, 2], [3]]
[[4], [2], [1, 3]]
[[1, 4], [2], [3]]
[[1, 4], [], [2, 3]]
[[4], [], [1, 2, 3]]
[[], [4], [1, 2, 3]]
Best First Search - Solution found
No of steps taken to solved best first search:  9